[{"id": 0, "img_name": "00001", "width": 1959, "height": 1090, "position": [-3.0089893469241797, -0.11086489695181866, -3.7527640949141428], "rotation": [[0.876134201218856, 0.06925962026449776, 0.47706599800804744], [-0.04747421839895102, 0.9972110940209488, -0.057586739349882114], [-0.4797239414934443, 0.027805376500959853, 0.8769787916452908]], "fy": 1164.6601287484507, "fx": 1159.5880733038064}, {"id": 1, "img_name": "00009", "width": 1959, "height": 1090, "position": [-2.5199776022057296, -0.09704735754873686, -3.6247725540304545], "rotation": [[0.9982731285632193, -0.011928707708098955, -0.05751927260507243], [0.0065061360949636325, 0.9955928229282383, -0.09355533724430458], [0.058381769258182864, 0.09301955098900708, 0.9939511719154457]], "fy": 1164.6601287484507, "fx": 1159.5880733038064}, {"id": 2, "img_name": "00017", "width": 1959, "height": 1090, "position": [-0.7737533667465242, -0.3364271945329695, -2.9358969417573753], "rotation": [[0.9998813418672372, 0.013742375651625236, -0.0069605529394208224], [-0.014268370388586709, 0.996512943252834, -0.08220929105659476], [0.00580653013657589, 0.08229885200307129, 0.9965907801935302]], "fy": 1164.6601287484507, "fx": 1159.5880733038064}, {"id": 3, "img_name": "00025", "width": 1959, "height": 1090, "position": [1.2198221749590001, -0.2196687861401182, -2.3183162007028453], "rotation": [[0.9208648867765482, 0.0012010625395201253, 0.389880004297208], [-0.06298204172269357, 0.987319521752825, 0.14571693239364383], [-0.3847611242348369, -0.1587410451475895, 0.9092635249821667]], "fy": 1164.6601287484507, "fx": 1159.5880733038064}, {"id": 4, "img_name": "00033", "width": 1959, "height": 1090, "position": [1.742387858893817, -0.13848225198886954, -2.0566370113193146], "rotation": [[0.24669889292141334, -0.08370189346592856, -0.9654706879349405], [0.11343747891376445, 0.9919082664242816, -0.05700815184573074], [0.9624300466054861, -0.09545671285663988, 0.2541976029815521]], "fy": 1164.6601287484507, "fx": 1159.5880733038064}, {"id": 5, "img_name": "00041", "width": 1959, "height": 1090, "position": [3.6567309419223935, -0.16470990600750707, -1.3458085590422042], "rotation": [[0.2341293058324528, -0.02968330457755884, -0.9717522161434825], [0.10270823606832301, 0.99469554638321, -0.005638106875665722], [0.9667649592295676, -0.09848690996657204, 0.2359360976431732]], "fy": 1164.6601287484507, "fx": 1159.5880733038064}, {"id": 6, "img_name": "00049", "width": 1959, "height": 1090, "position": [3.9013554243203497, -0.2597500978038105, -0.8106154188297828], "rotation": [[0.6717235545638952, -0.015718162115524837, -0.7406351366386528], [0.055627354673906296, 0.9980224478387622, 0.029270992841185218], [0.7387104058127439, -0.060861588786650656, 0.6712695459756353]], "fy": 1164.6601287484507, "fx": 1159.5880733038064}, {"id": 7, "img_name": "00057", "width": 1959, "height": 1090, "position": [4.742994605467533, -0.05591660945412069, 0.9500365976084458], "rotation": [[-0.17042655709210375, 0.01207080756938, -0.9852964448542146], [0.1165090336695526, 0.9931575292530063, -0.00798543433078162], [0.9784581921120181, -0.1161568667478904, -0.1706667764862097]], "fy": 1164.6601287484507, "fx": 1159.5880733038064}, {"id": 8, "img_name": "00065", "width": 1959, "height": 1090, "position": [4.34676307626522, 0.08168160516967145, 1.0876221470355405], "rotation": [[-0.003575447631888379, -0.044792503246552894, -0.9989899137764799], [0.10770152645126597, 0.9931680875192705, -0.04491693593046672], [0.9941768441149182, -0.10775333677534978, 0.0012732004866391048]], "fy": 1164.6601287484507, "fx": 1159.5880733038064}, {"id": 9, "img_name": "00073", "width": 1959, "height": 1090, "position": [3.264984351114202, 0.078974937336732, 1.0117200284114904], "rotation": [[-0.026919994628162257, -0.1565891128261527, -0.9872968974090509], [0.08444552208239385, 0.983768234577625, -0.1583319754069128], [0.9960643893290491, -0.0876350978794554, -0.013259786205163005]], "fy": 1164.6601287484507, "fx": 1159.5880733038064}, {"id": 10, "img_name": "00081", "width": 1959, "height": 1090, "position": [2.7843870462860454, -0.25639716350612274, 1.2991562624342048], "rotation": [[-0.5555296065470768, -0.004792783042920494, -0.8314829435895564], [0.1394018335217215, 0.9852930783023397, -0.09881638862193663], [0.8197279945569946, -0.17080567636996977, -0.5466913533790021]], "fy": 1164.6601287484507, "fx": 1159.5880733038064}, {"id": 11, "img_name": "00089", "width": 1959, "height": 1090, "position": [2.6121092823202297, -0.32555919326608596, 1.7060063851507272], "rotation": [[-0.41613859669458747, 0.48439076917503465, -0.7695415850225883], [0.08573073191508723, 0.8634305755255481, 0.49712964390883385], [0.9052507442396074, 0.14090146906841933, -0.4008339632166895]], "fy": 1164.6601287484507, "fx": 1159.5880733038064}, {"id": 12, "img_name": "00097", "width": 1959, "height": 1090, "position": [2.358344632055743, -0.3415500897156185, 2.1337149395641264], "rotation": [[-0.410649128449714, -0.210529097621117, -0.8871554499400477], [0.14962304709096172, 0.9442297030103035, -0.29333123211190815], [0.899433286621474, -0.2531951164772189, -0.3562470995101314]], "fy": 1164.6601287484507, "fx": 1159.5880733038064}, {"id": 13, "img_name": "00105", "width": 1959, "height": 1090, "position": [2.1872015438656756, -0.019683676243744522, 2.332865286571954], "rotation": [[-0.5874042238374142, -0.08145367203133615, -0.805184188326234], [0.18034384514829416, 0.9567300133589945, -0.22835012383448888], [0.7889438353489383, -0.2793438398295367, -0.5472975825035197]], "fy": 1164.6601287484507, "fx": 1159.5880733038064}, {"id": 14, "img_name": "00113", "width": 1959, "height": 1090, "position": [2.275673957480465, 0.39407581846735545, 3.6855965984598247], "rotation": [[-0.8420168378056281, 0.11118242829451098, -0.5278694085570275], [0.10298535492400508, 0.993663716290385, 0.0450159482756706], [0.5295296606640526, -0.016458631975868235, -0.848131742072242]], "fy": 1164.6601287484507, "fx": 1159.5880733038064}, {"id": 15, "img_name": "00121", "width": 1959, "height": 1090, "position": [1.0871987552638442, 0.3886930853474111, 3.9719108174476725], "rotation": [[-0.9935889111348472, 0.03808014885086446, -0.1064470663445674], [0.05163453675030712, 0.9904766848847368, -0.1276315451380378], [0.10057310915175044, -0.132309632919292, -0.9860929016843757]], "fy": 1164.6601287484507, "fx": 1159.5880733038064}, {"id": 16, "img_name": "00129", "width": 1959, "height": 1090, "position": [-0.18627121136720048, 0.489083678852883, 4.151774867924093], "rotation": [[-0.7395575854793676, 0.04909535900948749, 0.6713003973510349], [-0.027943911181904237, 0.9942369977442292, -0.10349845479232658], [-0.6725129854417575, -0.09530182600701287, -0.7339235970943727]], "fy": 1164.6601287484507, "fx": 1159.5880733038064}, {"id": 17, "img_name": "00137", "width": 1959, "height": 1090, "position": [-2.8818483910426496, 0.5052323822721706, 3.2212994663378014], "rotation": [[-0.8789065507836208, 0.07479140818387586, 0.47109396117071023], [0.011039319246172342, 0.9905556723424175, -0.13666599218840855], [-0.47686623745052337, -0.11491607917142808, -0.8714315155694373]], "fy": 1164.6601287484507, "fx": 1159.5880733038064}, {"id": 18, "img_name": "00145", "width": 1959, "height": 1090, "position": [-5.2545471061145985, 0.40058574694050664, 1.656143128655665], "rotation": [[-0.6148129130136831, 0.017931015763484975, 0.7884691247381339], [-0.04478862107313805, 0.9973342631386988, -0.05760509519092523], [-0.7874001913982469, -0.07073080123452835, -0.6123708780981714]], "fy": 1164.6601287484507, "fx": 1159.5880733038064}, {"id": 19, "img_name": "00153", "width": 1959, "height": 1090, "position": [-5.010756764707446, 0.13522462377101543, -0.7668001888516844], "rotation": [[0.26416880160216033, 0.028145017830626527, 0.9640657146851518], [-0.08304297912871043, 0.9965258141747744, -0.0063376100172998755], [-0.9608947433915471, -0.0783846901800124, 0.26558827622445313]], "fy": 1164.6601287484507, "fx": 1159.5880733038064}, {"id": 20, "img_name": "00161", "width": 1959, "height": 1090, "position": [-6.11782959599089, -0.15347177734547798, -3.1829860965639623], "rotation": [[0.7363258920685184, 0.038941968238761906, 0.6755055172085509], [-0.05670977770356725, 0.9983816154125288, 0.004260413017677091], [-0.6742463806223306, -0.04144482013425157, 0.7373426239555982]], "fy": 1164.6601287484507, "fx": 1159.5880733038064}, {"id": 21, "img_name": "00169", "width": 1959, "height": 1090, "position": [-3.4862541577541215, -0.15349227025125417, -3.310817501913398], "rotation": [[0.8967973409070509, 0.02105491938263996, 0.44194028975850713], [-0.03481220268036292, 0.9991282220273707, 0.023041408224455915], [-0.4410698809560499, -0.03604838856613738, 0.8967485008603029]], "fy": 1164.6601287484507, "fx": 1159.5880733038064}, {"id": 22, "img_name": "00177", "width": 1959, "height": 1090, "position": [-1.1744940797403727, -0.1994387612912959, -2.4787776297445605], "rotation": [[0.9998395868972133, -0.007294397180456996, -0.016358246941026708], [0.003972547546496027, 0.9808783827900462, -0.19458113228464483], [0.01746480286750174, 0.1944849350077207, 0.9807500143848288]], "fy": 1164.6601287484507, "fx": 1159.5880733038064}, {"id": 23, "img_name": "00185", "width": 1959, "height": 1090, "position": [0.5232718236975061, -0.09237498164491126, -1.4650516079724294], "rotation": [[0.3027659993459066, -0.10108995885640208, -0.9476885405334843], [0.06563888549441273, 0.9942095175759689, -0.0850821477891256], [0.9508019175154864, -0.0364452380945738, 0.3076482703821102]], "fy": 1164.6601287484507, "fx": 1159.5880733038064}, {"id": 24, "img_name": "00193", "width": 1959, "height": 1090, "position": [2.3011111210595, -0.005270169789859612, -0.20442805383996765], "rotation": [[0.390429872665055, 0.11885826571152291, -0.9129278324176551], [0.10067888434976702, 0.9801711474920167, 0.1706701024499301], [0.9151110734642188, -0.15854726202691868, 0.3707215787176846]], "fy": 1164.6601287484507, "fx": 1159.5880733038064}, {"id": 25, "img_name": "00201", "width": 1959, "height": 1090, "position": [3.168716610387557, 0.10434918144090846, 0.9233009766175813], "rotation": [[-0.06936572152118163, 0.00955889539292788, -0.9975454998127719], [0.1541833556645334, 0.9880414573764731, -0.0012535315707647649], [0.9856043270571969, -0.15389186471104302, -0.0700100311518868]], "fy": 1164.6601287484507, "fx": 1159.5880733038064}, {"id": 26, "img_name": "00209", "width": 1959, "height": 1090, "position": [2.746692984115723, -0.4262581121043623, 1.4183284370470803], "rotation": [[-0.567864884950055, 0.13318101743603633, -0.8122759931423322], [0.0740663610032107, 0.991088021495602, 0.11071904901901501], [0.819782682549712, 0.0027111330906410174, -0.57266831861817]], "fy": 1164.6601287484507, "fx": 1159.5880733038064}, {"id": 27, "img_name": "00217", "width": 1959, "height": 1090, "position": [2.423510875119012, -0.36695410892106456, 2.1198729366230684], "rotation": [[-0.7728133646044623, 0.059790361338251594, -0.631810585681952], [0.10564635558061551, 0.9937813118823161, -0.03517885310803905], [0.6257781963613498, -0.09393517362790225, -0.7743241130910434]], "fy": 1164.6601287484507, "fx": 1159.5880733038064}, {"id": 28, "img_name": "00225", "width": 1959, "height": 1090, "position": [1.932433913102748, 0.36360776829752145, 2.7770680485297756], "rotation": [[-0.9534762909182981, 0.06601111898452809, -0.2941521627102118], [0.08717816199925411, 0.9944188208758674, -0.059423705356375804], [0.28858782151559376, -0.08230273906900082, -0.9539094969726546]], "fy": 1164.6601287484507, "fx": 1159.5880733038064}, {"id": 29, "img_name": "00233", "width": 1959, "height": 1090, "position": [0.2891709747977095, 0.32367094035196475, 2.675080552249992], "rotation": [[-0.994529827028783, 0.09045901880395191, 0.052226325422378775], [0.07864092603793388, 0.9775261747196128, -0.19559698998179292], [-0.06874611190455897, -0.19041991401916888, -0.9792927184672299]], "fy": 1164.6601287484507, "fx": 1159.5880733038064}, {"id": 30, "img_name": "00241", "width": 1959, "height": 1090, "position": [-1.824021454024519, 0.23851921834585618, 1.3934171024871662], "rotation": [[-0.9898471167376756, 0.06755336973271434, -0.12505689794595864], [0.08339497112784494, 0.9885041297277894, -0.12611448886504453], [0.11509980137557421, -0.1352631795754511, -0.9841015740127861]], "fy": 1164.6601287484507, "fx": 1159.5880733038064}, {"id": 31, "img_name": "00249", "width": 1959, "height": 1090, "position": [-2.2447675328078884, 0.31455400215747253, 0.6633164144969674], "rotation": [[-0.04643598906748339, 0.17604718729535687, 0.9832858621808401], [-0.07079749860324755, 0.9812923356183675, -0.17903370143124664], [-0.9964092598480042, -0.07792778645671357, -0.033103579672131025]], "fy": 1164.6601287484507, "fx": 1159.5880733038064}, {"id": 32, "img_name": "00257", "width": 1959, "height": 1090, "position": [-3.256673588342215, 0.034009451513661595, -0.027260606743563343], "rotation": [[0.10405754097638961, 0.06194981244785159, 0.9926400399458117], [-0.04886930821071544, 0.9971711369344474, -0.057109669758002385], [-0.9933699305298872, -0.04256694025341737, 0.10679062092013934]], "fy": 1164.6601287484507, "fx": 1159.5880733038064}, {"id": 33, "img_name": "00265", "width": 1959, "height": 1090, "position": [-3.7813295903197677, 0.22892725859191815, -0.5414337887775497], "rotation": [[-0.3212416791793192, -0.17210404887430142, 0.9312271365886643], [-0.07658866390279963, 0.9848476383984301, 0.15559339864730443], [-0.9438951001671927, -0.021338357530678385, -0.32955532825044354]], "fy": 1164.6601287484507, "fx": 1159.5880733038064}, {"id": 34, "img_name": "00273", "width": 1959, "height": 1090, "position": [-4.369701587138448, 0.09550291695074434, -1.4456468158518159], "rotation": [[0.4068448664043003, 0.10166202901714194, 0.9078227175702227], [-0.031151744160538314, 0.9947541183550008, -0.09743619887660515], [-0.9129659487167213, 0.01136115627402304, 0.4078775559060512]], "fy": 1164.6601287484507, "fx": 1159.5880733038064}, {"id": 35, "img_name": "00281", "width": 1959, "height": 1090, "position": [-3.2752160778533757, -0.29416802773247075, -2.4781223874924083], "rotation": [[0.8802097340609357, 0.13746832632388584, 0.45423923578009684], [-0.04821419815841815, 0.9780796413268248, -0.20257247176734194], [-0.47212944746151725, 0.15640548097716844, 0.8675431461085857]], "fy": 1164.6601287484507, "fx": 1159.5880733038064}, {"id": 36, "img_name": "00289", "width": 1959, "height": 1090, "position": [-2.3097293075003456, -0.13564039659228136, -3.707106835337126], "rotation": [[0.9970282327046116, -0.006470567281864637, -0.07676480280030346], [0.010864570959761392, 0.9983172833849234, 0.05696106383141768], [0.07626705899521054, -0.057625805452048935, 0.9954208166691229]], "fy": 1164.6601287484507, "fx": 1159.5880733038064}, {"id": 37, "img_name": "00297", "width": 1959, "height": 1090, "position": [-3.19491637337907, -0.18378876753171214, -4.087996124741176], "rotation": [[0.9717475711148763, 0.019776484052555065, 0.2351925779246824], [-0.022715985423213462, 0.9996939716454541, 0.009795257117104286], [-0.23492688658089167, -0.014861148483776876, 0.9718994311281143]], "fy": 1164.6601287484507, "fx": 1159.5880733038064}, {"id": 38, "img_name": "00002", "width": 1959, "height": 1090, "position": [-3.0037218650246085, -0.10860416856489502, -3.7555142671756467], "rotation": [[0.8969920445007286, 0.06525223113804976, 0.4372040924258483], [-0.04508268048660713, 0.9973918386515295, -0.056365522364863974], [-0.439741769704159, 0.030849092739139296, 0.897594290007811]], "fy": 1164.6601287484507, "fx": 1159.5880733038064}, {"id": 39, "img_name": "00003", "width": 1959, "height": 1090, "position": [-2.9539487113869645, -0.10677301972585616, -3.7447166790041337], "rotation": [[0.9170675204762015, 0.06098097713727494, 0.39404122032474515], [-0.04237300013917027, 0.9975445758365302, -0.05576152865841079], [-0.3964740744952147, 0.034440378141072196, 0.9173996776796158]], "fy": 1164.6601287484507, "fx": 1159.5880733038064}, {"id": 40, "img_name": "00004", "width": 1959, "height": 1090, "position": [-2.801710612661597, -0.10675052297885233, -3.680409274139724], "rotation": [[0.9763680345413275, 0.044451452555026416, 0.21149356844039816], [-0.03476374732330463, 0.9981784551460139, -0.049307743350905445], [-0.2133001242333126, 0.04079019548942571, 0.9761348354371888]], "fy": 1164.6601287484507, "fx": 1159.5880733038064}, {"id": 41, "img_name": "00005", "width": 1959, "height": 1090, "position": [-2.6771292520123966, -0.11131143193498204, -3.5956877210102136], "rotation": [[0.9967775273124547, 0.02891278845772255, 0.07482387124753216], [-0.022791920668540883, 0.9964207006273703, -0.08140218494302941], [-0.07690961836537237, 0.07943448888775713, 0.9938687401151288]], "fy": 1164.6601287484507, "fx": 1159.5880733038064}, {"id": 42, "img_name": "00006", "width": 1959, "height": 1090, "position": [-2.6684108357137744, -0.10816234825740198, -3.5652396605769097], "rotation": [[0.9995939898846311, 0.006531272059149405, -0.027734416738289365], [-0.008874873691643555, 0.9963210925750186, -0.08523800271638639], [0.027075671801104102, 0.08544953467053343, 0.9959745403478487]], "fy": 1164.6601287484507, "fx": 1159.5880733038064}, {"id": 43, "img_name": "00007", "width": 1959, "height": 1090, "position": [-2.670665237756582, -0.10684982919578839, -3.562626192555472], "rotation": [[0.997247086031201, -0.009449159901097345, -0.07354565098931452], [0.002673561500682053, 0.9957843569183473, -0.09168623989244697], [0.07410196671600988, 0.09123720674087277, 0.9930683111624008]], "fy": 1164.6601287484507, "fx": 1159.5880733038064}, {"id": 44, "img_name": "00008", "width": 1959, "height": 1090, "position": [-2.6572732509773918, -0.09435228775643334, -3.56802278787412], "rotation": [[0.9997686278878481, -0.009789462968964375, -0.019153514195274664], [0.007832412679093117, 0.994985820499688, -0.09970892796629327], [0.020033571895038946, 0.09953583987359706, 0.9948322836427175]], "fy": 1164.6601287484507, "fx": 1159.5880733038064}, {"id": 45, "img_name": "00010", "width": 1959, "height": 1090, "position": [-2.348736282170838, -0.10020872810942452, -3.6336095851119423], "rotation": [[0.9947773290351417, -0.022928464683562206, -0.09946029934081273], [0.01423650446654, 0.9960858973795943, -0.08723650028550145], [0.10107120053845021, 0.08536492575257562, 0.9912100896747237]], "fy": 1164.6601287484507, "fx": 1159.5880733038064}, {"id": 46, "img_name": "00011", "width": 1959, "height": 1090, "position": [-2.1195280069775992, -0.11213792526745527, -3.594158703358443], "rotation": [[0.9532691057167676, -0.04424699065744597, -0.2988648790067413], [0.026658726835651642, 0.997677893261671, -0.06267482413581889], [0.30094405521534456, 0.05177861638469697, 0.9522350815401783]], "fy": 1164.6601287484507, "fx": 1159.5880733038064}, {"id": 47, "img_name": "00012", "width": 1959, "height": 1090, "position": [-1.9422437346943076, -0.15502809585856256, -3.4601694879937788], "rotation": [[0.9715346452057745, -0.02143814395276751, -0.23592549491047063], [0.03850876083293967, 0.996942711390629, 0.06798753962464413], [0.23374667592075302, -0.0751374486455424, 0.9693899397595568]], "fy": 1164.6601287484507, "fx": 1159.5880733038064}, {"id": 48, "img_name": "00013", "width": 1959, "height": 1090, "position": [-1.7489450784370923, -0.17555198798947058, -3.355715431782532], "rotation": [[0.986440181949068, -0.007935206885031357, -0.1639292528134674], [0.02638183818407098, 0.9935081079857518, 0.11066001075637501], [0.1619869317269744, -0.11348423616636492, 0.9802456641533372]], "fy": 1164.6601287484507, "fx": 1159.5880733038064}, {"id": 49, "img_name": "00014", "width": 1959, "height": 1090, "position": [-1.5317196314520274, -0.18730776791744583, -3.2548720251024013], "rotation": [[0.9965596668508443, -0.0009870164203745293, -0.0828725298559188], [0.006979012620118712, 0.9973769449043629, 0.07204528545357701], [0.08258404076443865, -0.07237579410151629, 0.993952524338659]], "fy": 1164.6601287484507, "fx": 1159.5880733038064}, {"id": 50, "img_name": "00015", "width": 1959, "height": 1090, "position": [-1.2558414161532883, -0.20899036620568318, -3.196372755304928], "rotation": [[0.9999125691670329, 0.007143665466936745, -0.011127536361664164], [-0.007781495902773209, 0.9982645138774185, -0.05837301306765131], [0.010691227399077545, 0.05845449834510225, 0.9982328231830105]], "fy": 1164.6601287484507, "fx": 1159.5880733038064}, {"id": 51, "img_name": "00016", "width": 1959, "height": 1090, "position": [-1.0063742233121686, -0.31300360311007974, -3.083293356331327], "rotation": [[0.9994581433839903, 0.015430769605454964, 0.02907423211041065], [-0.012962534535361938, 0.9964444851832925, -0.08324878765617327], [-0.030255451109613547, 0.0828268030119867, 0.9961045770304278]], "fy": 1164.6601287484507, "fx": 1159.5880733038064}, {"id": 52, "img_name": "00018", "width": 1959, "height": 1090, "position": [-0.5536028165319572, -0.26132416778886486, -2.900653006951749], "rotation": [[0.9999609684193342, 0.008338124676234461, -0.002921868366442873], [-0.008556013161787134, 0.9963566235732095, -0.08485442416615113], [0.0022036961320869393, 0.08487611170804975, 0.996389075303759]], "fy": 1164.6601287484507, "fx": 1159.5880733038064}, {"id": 53, "img_name": "00019", "width": 1959, "height": 1090, "position": [-0.33983298912057247, -0.19258602760739052, -2.815877781021004], "rotation": [[0.9983000871785319, 0.012113979487658124, 0.05701041519150958], [-0.00628336944807515, 0.9948298199626914, -0.10136147483821384], [-0.05794355190799666, 0.10083095166649704, 0.9932148126051653]], "fy": 1164.6601287484507, "fx": 1159.5880733038064}, {"id": 54, "img_name": "00020", "width": 1959, "height": 1090, "position": [-0.12584975272603682, -0.12549536863548158, -2.704639337485575], "rotation": [[0.9945947806766218, 0.01772824662142274, 0.10230802276729069], [-0.006727062266610446, 0.994248229315797, -0.10688875121201323], [-0.10361452062372148, 0.10562276162898093, 0.9889933585933649]], "fy": 1164.6601287484507, "fx": 1159.5880733038064}, {"id": 55, "img_name": "00021", "width": 1959, "height": 1090, "position": [0.15133149437675752, -0.0853092335114494, -2.710985847952133], "rotation": [[0.9856224878369526, 0.01600510425358024, 0.16820269946682814], [-0.005759298898507846, 0.9981073348264642, -0.06122563712865806], [-0.1688642707806886, 0.05937663516438512, 0.9838492126592681]], "fy": 1164.6601287484507, "fx": 1159.5880733038064}, {"id": 56, "img_name": "00022", "width": 1959, "height": 1090, "position": [0.3734576984387007, -0.050641197236542514, -2.620979666977137], "rotation": [[0.9697343250850895, -0.022094466046670726, 0.2431607972553936], [-0.012952762662531042, 0.9898397124644538, 0.14159650266759996], [-0.24381871275842282, -0.14046059304445505, 0.959595361134278]], "fy": 1164.6601287484507, "fx": 1159.5880733038064}, {"id": 57, "img_name": "00023", "width": 1959, "height": 1090, "position": [0.6594108418832699, -0.06656283916610699, -2.439617782481047], "rotation": [[0.9490403863953183, -0.02552313877792599, 0.314119267759155], [-0.03157265250677839, 0.984001071006512, 0.17534269266702698], [-0.31356899177742564, -0.17632487528695429, 0.9330509234499093]], "fy": 1164.6601287484507, "fx": 1159.5880733038064}, {"id": 58, "img_name": "00024", "width": 1959, "height": 1090, "position": [0.9564353149439635, -0.12037300039600686, -2.398836833950775], "rotation": [[0.9222661449764414, -0.01881679711001283, 0.38609724937742546], [-0.05060921561980465, 0.9843394839019969, 0.1688623336505162], [-0.3832282154599806, -0.17527609243154285, 0.9068706778241802]], "fy": 1164.6601287484507, "fx": 1159.5880733038064}, {"id": 59, "img_name": "00026", "width": 1959, "height": 1090, "position": [1.435324636525061, -0.24946067545114972, -2.205821349435471], "rotation": [[0.9543338825596582, 0.06191619934962491, 0.2922554103121206], [-0.07243947253502808, 0.9970515459664201, 0.025312793303357027], [-0.28982643671248376, -0.045327684080141054, 0.9560052497965036]], "fy": 1164.6601287484507, "fx": 1159.5880733038064}, {"id": 60, "img_name": "00027", "width": 1959, "height": 1090, "position": [1.5459297740076987, -0.21069086480479637, -2.2036007915440288], "rotation": [[0.9976047044141528, 0.0655556234156403, -0.02207518899890914], [-0.06560426958272643, 0.997844613059196, -0.0014859344737605542], [0.02193019706404295, 0.002930601871648769, 0.9997552090533973]], "fy": 1164.6601287484507, "fx": 1159.5880733038064}, {"id": 61, "img_name": "00028", "width": 1959, "height": 1090, "position": [1.5510032892419716, -0.2027427093183733, -2.210775226698145], "rotation": [[0.9476109456399898, 0.032140336736498826, -0.31780574956685154], [-0.03048425556964208, 0.9994833652127278, 0.010183949401159723], [0.31796887562409104, 3.764976891480175e-05, 0.9481011510998424]], "fy": 1164.6601287484507, "fx": 1159.5880733038064}, {"id": 62, "img_name": "00029", "width": 1959, "height": 1090, "position": [1.5090033188093677, -0.19959381961654013, -2.2403823522505184], "rotation": [[0.8094881002668571, -0.008709645236694388, -0.5870716801262053], [0.01551485503692677, 0.999858123461976, 0.00655913258590322], [0.5869312607107732, -0.014417871789804353, 0.8095083817808899]], "fy": 1164.6601287484507, "fx": 1159.5880733038064}, {"id": 63, "img_name": "00030", "width": 1959, "height": 1090, "position": [1.4726256320430893, -0.19514904435632208, -2.243522845190856], "rotation": [[0.618014710365549, -0.042292231840881954, -0.7850281427424773], [0.05806616244895162, 0.9982801336144452, -0.008068184998965968], [0.7840192207785716, -0.04059731464817187, 0.6194075552438143]], "fy": 1164.6601287484507, "fx": 1159.5880733038064}, {"id": 64, "img_name": "00031", "width": 1959, "height": 1090, "position": [1.5098984076046131, -0.15479240985060028, -2.2233878056624152], "rotation": [[0.5157810786139205, -0.06795460454137178, -0.8540211066861793], [0.08908862848605513, 0.9956991851399789, -0.025423394463668036], [0.8520757567366497, -0.06297066327431682, 0.5196167822044032]], "fy": 1164.6601287484507, "fx": 1159.5880733038064}, {"id": 65, "img_name": "00032", "width": 1959, "height": 1090, "position": [1.563469968161099, -0.12277981007582085, -2.1066742189927803], "rotation": [[0.4403207852686901, -0.07775994783243312, -0.8944668784105207], [0.10271612142271305, 0.9940643231527675, -0.03585414668772134], [0.8919456286457367, -0.07608884246673389, 0.4456943836215955]], "fy": 1164.6601287484507, "fx": 1159.5880733038064}, {"id": 66, "img_name": "00034", "width": 1959, "height": 1090, "position": [1.9428080801673315, -0.12721794420186713, -1.8540951210434389], "rotation": [[0.27982015312250896, -0.08923625520161614, -0.9558962143789917], [0.1227945134307037, 0.990819620084616, -0.05655075531497334], [0.9521671016044464, -0.10155476952349057, 0.2882090203467239]], "fy": 1164.6601287484507, "fx": 1159.5880733038064}, {"id": 67, "img_name": "00035", "width": 1959, "height": 1090, "position": [2.2021405914251284, -0.15876837087372894, -1.776602139127762], "rotation": [[0.23363015943613857, -0.08384768730423618, -0.9687035222066529], [0.12079238135905222, 0.9910600102687951, -0.05665030142572132], [0.964793319425178, -0.10377678632404658, 0.2416696700308076]], "fy": 1164.6601287484507, "fx": 1159.5880733038064}, {"id": 68, "img_name": "00036", "width": 1959, "height": 1090, "position": [2.4750549606348984, -0.16606239966807215, -1.6859609272204126], "rotation": [[0.18281195399197578, -0.08062067726581347, -0.9798367700157189], [0.11937640858345719, 0.9910781871357638, -0.05927309724827117], [0.9758734869599394, -0.10613356387537862, 0.1908051468586728]], "fy": 1164.6601287484507, "fx": 1159.5880733038064}, {"id": 69, "img_name": "00037", "width": 1959, "height": 1090, "position": [2.649129756787803, -0.1506467972063999, -1.6056369232162482], "rotation": [[0.25367640063575875, -0.07881197903530966, -0.9640731070416934], [0.11765674499182784, 0.9917887907930638, -0.05011870723752304], [0.9601068555730734, -0.10071577045215145, 0.2608661715589346]], "fy": 1164.6601287484507, "fx": 1159.5880733038064}, {"id": 70, "img_name": "00038", "width": 1959, "height": 1090, "position": [2.8729419499024615, -0.16617096797912492, -1.4214552960783107], "rotation": [[0.3009576113516711, -0.06748336268430362, -0.951246819668962], [0.11405094675111924, 0.9928807757268341, -0.03435326385154739], [0.9467929539844863, -0.09815172414634095, 0.3065115680238362]], "fy": 1164.6601287484507, "fx": 1159.5880733038064}, {"id": 71, "img_name": "00039", "width": 1959, "height": 1090, "position": [3.107036852938124, -0.15556609158779822, -1.2945630170037663], "rotation": [[0.25086771667659463, -0.0599851058370197, -0.9661610506572873], [0.11018670394467243, 0.9933608116079403, -0.033063397215400095], [0.9617298368062004, -0.0981635626866495, 0.2558117197420464]], "fy": 1164.6601287484507, "fx": 1159.5880733038064}, {"id": 72, "img_name": "00040", "width": 1959, "height": 1090, "position": [3.379133785214969, -0.16290283470523154, -1.3556094281289126], "rotation": [[0.21486252664259925, -0.05649897369779674, -0.9750086977129249], [0.10446632934512023, 0.9939272725372007, -0.03457402117079067], [0.9710411323306107, -0.0944269181846844, 0.21945996547030555]], "fy": 1164.6601287484507, "fx": 1159.5880733038064}, {"id": 73, "img_name": "00042", "width": 1959, "height": 1090, "position": [3.8830941494412086, -0.19377650080807493, -1.244049304433058], "rotation": [[0.3019091359929676, 2.2538079095124432e-05, -0.9533367049977753], [0.1008729948135043, 0.9943855611115114, 0.03196865293219433], [0.9479849748394406, -0.10581755688438169, 0.300211812115523]], "fy": 1164.6601287484507, "fx": 1159.5880733038064}, {"id": 74, "img_name": "00043", "width": 1959, "height": 1090, "position": [4.097702594133319, -0.2091391477982538, -1.1763477266203448], "rotation": [[0.36058842488643383, 0.007329363347387856, -0.932696235797509], [0.09421993225411075, 0.9945678794981216, 0.04424180643509928], [0.9279539817275161, -0.10383165944706838, 0.3579390929928115]], "fy": 1164.6601287484507, "fx": 1159.5880733038064}, {"id": 75, "img_name": "00044", "width": 1959, "height": 1090, "position": [4.135320649612615, -0.230547779333571, -1.1666792801007175], "rotation": [[0.44471781760135337, 0.010335542133656488, -0.895611098232203], [0.0844554103506674, 0.9949943196927848, 0.053418980162419936], [0.891680069515064, -0.09939557509213398, 0.441618809927424]], "fy": 1164.6601287484507, "fx": 1159.5880733038064}, {"id": 76, "img_name": "00045", "width": 1959, "height": 1090, "position": [4.150177069971078, -0.2347864629952536, -1.1409030263016506], "rotation": [[0.5737203929753435, 0.006108942494859646, -0.8190284436488221], [0.0743721660391977, 0.9954526329177236, 0.05952173162644115], [0.8156676355004258, -0.09506175066117062, 0.570657140460345]], "fy": 1164.6601287484507, "fx": 1159.5880733038064}, {"id": 77, "img_name": "00046", "width": 1959, "height": 1090, "position": [4.1361417825815465, -0.3367029601030584, -1.111293539303772], "rotation": [[0.6489723902813016, 0.0020018479234047387, -0.7608093251646336], [0.06612490585072639, 0.9960639931668536, 0.05902557363325378], [0.7579329346840697, -0.08861441260536376, 0.6462856585131684]], "fy": 1164.6601287484507, "fx": 1159.5880733038064}, {"id": 78, "img_name": "00047", "width": 1959, "height": 1090, "position": [4.127903261272133, -0.40102754052889367, -1.0832306186250162], "rotation": [[0.7018657358707748, -0.012098967130084145, -0.712206503624448], [0.05925364429651049, 0.9973820333866134, 0.04144979029099252], [0.7098404711258426, -0.07129301839570122, 0.7007451827018664]], "fy": 1164.6601287484507, "fx": 1159.5880733038064}, {"id": 79, "img_name": "00048", "width": 1959, "height": 1090, "position": [4.093758033160643, -0.36375481077347604, -1.0247493717556093], "rotation": [[0.7390759784030488, -0.02222668309353543, -0.6732552804889357], [0.05385030800071731, 0.9982062791334394, 0.026160440111021168], [0.6714661886318654, -0.055589557087945836, 0.7389471961290347]], "fy": 1164.6601287484507, "fx": 1159.5880733038064}, {"id": 80, "img_name": "00050", "width": 1959, "height": 1090, "position": [3.762372426476765, -0.17613325851818654, -0.5555137533032263], "rotation": [[0.5284688871399486, -0.012546804864654102, -0.8488599489979206], [0.06360341200807519, 0.997665795923049, 0.02485086771442961], [0.8465667376562791, -0.06712329947877513, 0.5280333525082361]], "fy": 1164.6601287484507, "fx": 1159.5880733038064}, {"id": 81, "img_name": "00051", "width": 1959, "height": 1090, "position": [3.692646746615332, -0.09240346918132201, -0.25582489840115014], "rotation": [[0.32628447496430785, -0.014061394597910568, -0.9451670321055575], [0.07710827831634419, 0.9969530480638215, 0.011787000099460503], [0.9421214119275474, -0.07672611770588506, 0.326374551779742]], "fy": 1164.6601287484507, "fx": 1159.5880733038064}, {"id": 82, "img_name": "00052", "width": 1959, "height": 1090, "position": [3.7881520261324293, -0.030227896311722346, -0.06702570515677278], "rotation": [[0.11736487541980634, -0.03624242971649808, -0.9924273133615066], [0.08773736502385107, 0.9958045388743904, -0.025989904498369038], [0.9892055604354257, -0.08402265554841462, 0.12005229093285817]], "fy": 1164.6601287484507, "fx": 1159.5880733038064}, {"id": 83, "img_name": "00053", "width": 1959, "height": 1090, "position": [3.9256345370245964, -0.02688793722464424, 0.13639567768335006], "rotation": [[-0.12914727220893094, -0.04337528735393899, -0.9906763177385212], [0.09424987095388027, 0.9939831835175185, -0.055806744301709524], [0.9871362337115224, -0.10057840390134799, -0.12428210153714044]], "fy": 1164.6601287484507, "fx": 1159.5880733038064}, {"id": 84, "img_name": "00054", "width": 1959, "height": 1090, "position": [4.142931587026996, -0.015114109935432005, 0.26526859306155637], "rotation": [[-0.2542263333399509, -0.009983433952818518, -0.9670932232639383], [0.103536692749583, 0.9939192981561396, -0.03747775349838567], [0.9615867743948032, -0.10965746577099539, -0.25164680707229403]], "fy": 1164.6601287484507, "fx": 1159.5880733038064}, {"id": 85, "img_name": "00055", "width": 1959, "height": 1090, "position": [4.340295210005607, -0.011105967891034865, 0.43563461018526894], "rotation": [[-0.21533688628147798, 0.0014688920070967447, -0.9765387180050101], [0.11248006177172896, 0.9933805594715893, -0.023308791640499576], [0.9700403399397498, -0.11486037793853753, -0.2140766976328589]], "fy": 1164.6601287484507, "fx": 1159.5880733038064}, {"id": 86, "img_name": "00056", "width": 1959, "height": 1090, "position": [4.539839202041124, 0.0035896601434310896, 0.6925726511012369], "rotation": [[-0.1681758168327774, 0.00517434117749044, -0.9857434355987401], [0.11695411717962059, 0.9930279175438598, -0.014740741271757387], [0.9787944774605973, -0.11776578948015523, -0.16760844167509006]], "fy": 1164.6601287484507, "fx": 1159.5880733038064}, {"id": 87, "img_name": "00058", "width": 1959, "height": 1090, "position": [4.902294473582484, -0.11400876125353127, 1.2059593637845547], "rotation": [[-0.19182513532319073, 0.01925677291559936, -0.9812401816859706], [0.11562957828566127, 0.9932875309181444, -0.003111518602894391], [0.9745937194973706, -0.11405725588235528, -0.1927641675645846]], "fy": 1164.6601287484507, "fx": 1159.5880733038064}, {"id": 88, "img_name": "00059", "width": 1959, "height": 1090, "position": [5.046670042046814, -0.09868545369799278, 1.506964753754067], "rotation": [[-0.20695729207137936, 0.02840493179448236, -0.9779375435620784], [0.11427019160829979, 0.9934387198672711, 0.004672598664585621], [0.9716537462328254, -0.11078208211722979, -0.20884522430136426]], "fy": 1164.6601287484507, "fx": 1159.5880733038064}, {"id": 89, "img_name": "00060", "width": 1959, "height": 1090, "position": [5.3013477907832645, -0.08662574414641881, 1.6735693203157023], "rotation": [[-0.18659719621723334, 0.033139540897675325, -0.9818774145446867], [0.1095658715140972, 0.9938981031628891, 0.01272322005497332], [0.9763077415258076, -0.10520613745548424, -0.18908956205585248]], "fy": 1164.6601287484507, "fx": 1159.5880733038064}, {"id": 90, "img_name": "00061", "width": 1959, "height": 1090, "position": [5.436450490884069, -0.08240559574128849, 1.726633241783225], "rotation": [[-0.12005650647188836, 0.03840049729278836, -0.9920241111290751], [0.10701869261707822, 0.9939293704176109, 0.025522657615984753], [0.9869819829582992, -0.10310096230839949, -0.12343725890826172]], "fy": 1164.6601287484507, "fx": 1159.5880733038064}, {"id": 91, "img_name": "00062", "width": 1959, "height": 1090, "position": [5.2057724434294546, -0.002820326218642194, 1.5907485652515476], "rotation": [[-0.08089670509319036, 0.01015783701779828, -0.9966707287024059], [0.10256649933134115, 0.9947244976724772, 0.0018129934230860462], [0.9914312060450683, -0.10207836243473933, -0.08151178812087621]], "fy": 1164.6601287484507, "fx": 1159.5880733038064}, {"id": 92, "img_name": "00063", "width": 1959, "height": 1090, "position": [4.933419182094466, 0.06712971873564684, 1.3679589429841557], "rotation": [[-0.06258175468402521, -0.02067562357367754, -0.9978256574023883], [0.10101304747571968, 0.9945202194641048, -0.026942481636570065], [0.9929148443951961, -0.10247951828003732, -0.06015031265716749]], "fy": 1164.6601287484507, "fx": 1159.5880733038064}, {"id": 93, "img_name": "00064", "width": 1959, "height": 1090, "position": [4.6185172957369485, 0.09921153681496517, 1.2398560449495706], "rotation": [[-0.018391713690774227, -0.030923618945940475, -0.999352527719224], [0.10589994745604843, 0.9938389122658328, -0.03270195093679516], [0.9942066917881422, -0.10643282509429433, -0.015003591107617752]], "fy": 1164.6601287484507, "fx": 1159.5880733038064}, {"id": 94, "img_name": "00066", "width": 1959, "height": 1090, "position": [4.053363958106943, 0.10793725358759135, 0.9504096719194554], "rotation": [[0.06044147076642315, -0.059273136459891546, -0.9964103190482317], [0.11258871988896026, 0.9922697333852927, -0.05219728308298612], [0.9918016983073566, -0.10902968174624386, 0.06664772864063653]], "fy": 1164.6601287484507, "fx": 1159.5880733038064}, {"id": 95, "img_name": "00067", "width": 1959, "height": 1090, "position": [3.779128374988806, 0.12477691586970578, 0.7992369994457253], "rotation": [[0.1339142458032597, -0.06658162983001435, -0.9887536909362831], [0.11524136942405742, 0.9920174700797829, -0.05119341588305015], [0.9842694760807184, -0.10708980168851724, 0.1405182295294884]], "fy": 1164.6601287484507, "fx": 1159.5880733038064}, {"id": 96, "img_name": "00068", "width": 1959, "height": 1090, "position": [3.5361702537648543, 0.17675625403920603, 0.7726894921034896], "rotation": [[0.28511066984706607, 0.0043577336820425135, -0.958484697893771], [0.11718386995149292, 0.9923295897047806, 0.039369099805981134], [0.9513042870514927, -0.12354349660543892, 0.28241309793271446]], "fy": 1164.6601287484507, "fx": 1159.5880733038064}, {"id": 97, "img_name": "00069", "width": 1959, "height": 1090, "position": [3.3725908613426667, 0.18267716613610283, 0.7885600498312934], "rotation": [[0.4401513684691173, 0.14874757125946525, -0.8855173250022685], [0.10664157372754357, 0.9705439691134466, 0.21603698472814756], [0.891568476106954, -0.1895219355692825, 0.4113235810774729]], "fy": 1164.6601287484507, "fx": 1159.5880733038064}, {"id": 98, "img_name": "00070", "width": 1959, "height": 1090, "position": [3.2310360829390476, 0.10524817317172729, 0.8314700858103259], "rotation": [[0.5199088619695212, 0.11194022207970401, -0.846855455155308], [0.09485501114259114, 0.9776801837917304, 0.18746729069922302], [0.8489389271948224, -0.1777943893988633, 0.49768650071263654]], "fy": 1164.6601287484507, "fx": 1159.5880733038064}, {"id": 99, "img_name": "00071", "width": 1959, "height": 1090, "position": [3.1998736877191143, 0.034810354389061764, 0.9475474514293307], "rotation": [[0.43567472605144975, 0.04784001662772564, -0.8988319452984819], [0.09766592206124766, 0.9901782750201592, 0.1000417480156568